9
agarwood  0.000   0.220   0.220   0.220   0.220   0.220   0.220   0.220   0.212
hibiscus  0.220   0.000   0.110   0.150   0.160   0.160   0.140   0.150   0.135
G.raimondi0.220   0.110   0.000   0.010   0.150   0.150   0.135   0.135   0.126
uplandcott0.220   0.150   0.010   0.000   0.145   0.145   0.130   0.140   0.120
whitejute 0.220   0.160   0.150   0.145   0.000   0.015   0.110   0.105   0.115
darkjute  0.220   0.160   0.150   0.145   0.015   0.000   0.110   0.120   0.115
monkeycaca0.220   0.140   0.135   0.130   0.110   0.110   0.000   0.040   0.090
cacao     0.220   0.150   0.135   0.140   0.105   0.120   0.040   0.000   0.100
durian    0.212   0.135   0.126   0.120   0.115   0.115   0.090   0.100   0.000
